Env
  { mesh =
      Mesh
        [ ( ( 1.0 , 1 , 1 )
          , Segment (Point (-1.0) 1.0 1.0 2.0) (Point 1.0 1.0 1.0 2.0)
          )
        , ( ( 1.0 , 1 , 1 )
          , Segment (Point (-1.0) 1.0 (-1.0) 2.0) (Point 1.0 1.0 (-1.0) 2.0)
          )
        , ( ( 1.0 , 1 , 1 )
          , Segment (Point (-1.0) (-1.0) 1.0 2.0) (Point 1.0 (-1.0) 1.0 2.0)
          )
        , ( ( 1.0 , 1 , 1 )
          , Segment
              (Point (-1.0) (-1.0) (-1.0) 2.0) (Point 1.0 (-1.0) (-1.0) 2.0)
          )
        , ( ( 1.0 , 1 , 1 )
          , Segment (Point 1.0 (-1.0) 1.0 2.0) (Point 1.0 1.0 1.0 2.0)
          )
        , ( ( 1.0 , 1 , 1 )
          , Segment (Point 1.0 (-1.0) (-1.0) 2.0) (Point 1.0 1.0 (-1.0) 2.0)
          )
        , ( ( 1.0 , 1 , 1 )
          , Segment (Point (-1.0) (-1.0) 1.0 2.0) (Point (-1.0) 1.0 1.0 2.0)
          )
        , ( ( 1.0 , 1 , 1 )
          , Segment
              (Point (-1.0) (-1.0) (-1.0) 2.0) (Point (-1.0) 1.0 (-1.0) 2.0)
          )
        , ( ( 1.0 , 1 , 1 )
          , Segment (Point 1.0 1.0 (-1.0) 2.0) (Point 1.0 1.0 1.0 2.0)
          )
        , ( ( 1.0 , 1 , 1 )
          , Segment (Point 1.0 (-1.0) (-1.0) 2.0) (Point 1.0 (-1.0) 1.0 2.0)
          )
        , ( ( 1.0 , 1 , 1 )
          , Segment (Point (-1.0) 1.0 (-1.0) 2.0) (Point (-1.0) 1.0 1.0 2.0)
          )
        , ( ( 1.0 , 1 , 1 )
          , Segment
              (Point (-1.0) (-1.0) (-1.0) 2.0) (Point (-1.0) (-1.0) 1.0 2.0)
          )
        , ( ( 1.0 , 1 , 1 )
          , Segment
              (Point
                 (-5.464101615137757) (-1.0000000000000007) 1.0 5.732050807568879)
              (Point
                 (-5.464101615137757) 0.9999999999999993 1.0 5.73205080756888)
          )
        , ( ( 1.0 , 1 , 1 )
          , Segment
              (Point
                 (-5.464101615137757)
                 (-1.0000000000000007)
                 (-1.0)
                 5.732050807568879)
              (Point
                 (-5.464101615137757) 0.9999999999999993 (-1.0) 5.73205080756888)
          )
        , ( ( 1.0 , 1 , 1 )
          , Segment
              (Point
                 (-1.4641016151377553) (-1.0000000000000002) 1.0 2.2679491924311233)
              (Point
                 (-1.4641016151377553) 0.9999999999999998 1.0 2.267949192431124)
          )
        , ( ( 1.0 , 1 , 1 )
          , Segment
              (Point
                 (-1.4641016151377553)
                 (-1.0000000000000002)
                 (-1.0)
                 2.2679491924311233)
              (Point
                 (-1.4641016151377553) 0.9999999999999998 (-1.0) 2.267949192431124)
          )
        , ( ( 1.0 , 1 , 1 )
          , Segment
              (Point
                 (-1.4641016151377553) 0.9999999999999998 1.0 2.267949192431124)
              (Point
                 (-5.464101615137757) 0.9999999999999993 1.0 5.73205080756888)
          )
        , ( ( 1.0 , 1 , 1 )
          , Segment
              (Point
                 (-1.4641016151377553) 0.9999999999999998 (-1.0) 2.267949192431124)
              (Point
                 (-5.464101615137757) 0.9999999999999993 (-1.0) 5.73205080756888)
          )
        , ( ( 1.0 , 1 , 1 )
          , Segment
              (Point
                 (-1.4641016151377553) (-1.0000000000000002) 1.0 2.2679491924311233)
              (Point
                 (-5.464101615137757) (-1.0000000000000007) 1.0 5.732050807568879)
          )
        , ( ( 1.0 , 1 , 1 )
          , Segment
              (Point
                 (-1.4641016151377553)
                 (-1.0000000000000002)
                 (-1.0)
                 2.2679491924311233)
              (Point
                 (-5.464101615137757)
                 (-1.0000000000000007)
                 (-1.0)
                 5.732050807568879)
          )
        , ( ( 1.0 , 1 , 1 )
          , Segment
              (Point
                 (-5.464101615137757) 0.9999999999999993 (-1.0) 5.73205080756888)
              (Point
                 (-5.464101615137757) 0.9999999999999993 1.0 5.73205080756888)
          )
        , ( ( 1.0 , 1 , 1 )
          , Segment
              (Point
                 (-1.4641016151377553) 0.9999999999999998 (-1.0) 2.267949192431124)
              (Point
                 (-1.4641016151377553) 0.9999999999999998 1.0 2.267949192431124)
          )
        , ( ( 1.0 , 1 , 1 )
          , Segment
              (Point
                 (-5.464101615137757)
                 (-1.0000000000000007)
                 (-1.0)
                 5.732050807568879)
              (Point
                 (-5.464101615137757) (-1.0000000000000007) 1.0 5.732050807568879)
          )
        , ( ( 1.0 , 1 , 1 )
          , Segment
              (Point
                 (-1.4641016151377553)
                 (-1.0000000000000002)
                 (-1.0)
                 2.2679491924311233)
              (Point
                 (-1.4641016151377553) (-1.0000000000000002) 1.0 2.2679491924311233)
          )
        , ( ( 1.0 , 1 , 1 )
          , Segment
              (Point
                 (-7.928203230275514) (-5.464101615137757) 1.0 9.732050807568882)
              (Point
                 (-11.928203230275516) (-5.464101615137759) 1.0 13.19615242270664)
          )
        , ( ( 1.0 , 1 , 1 )
          , Segment
              (Point
                 (-7.928203230275514) (-5.464101615137757) (-1.0) 9.732050807568882)
              (Point
                 (-11.928203230275516)
                 (-5.464101615137759)
                 (-1.0)
                 13.19615242270664)
          )
        , ( ( 1.0 , 1 , 1 )
          , Segment
              (Point
                 (-1.9282032302755105) (-1.4641016151377548) 1.0 2.803847577293368)
              (Point
                 (-5.928203230275512) (-1.4641016151377566) 1.0 6.267949192431125)
          )
        , ( ( 1.0 , 1 , 1 )
          , Segment
              (Point
                 (-1.9282032302755105)
                 (-1.4641016151377548)
                 (-1.0)
                 2.803847577293368)
              (Point
                 (-5.928203230275512)
                 (-1.4641016151377566)
                 (-1.0)
                 6.267949192431125)
          )
        , ( ( 1.0 , 1 , 1 )
          , Segment
              (Point
                 (-5.928203230275512) (-1.4641016151377566) 1.0 6.267949192431125)
              (Point
                 (-11.928203230275516) (-5.464101615137759) 1.0 13.19615242270664)
          )
        , ( ( 1.0 , 1 , 1 )
          , Segment
              (Point
                 (-5.928203230275512)
                 (-1.4641016151377566)
                 (-1.0)
                 6.267949192431125)
              (Point
                 (-11.928203230275516)
                 (-5.464101615137759)
                 (-1.0)
                 13.19615242270664)
          )
        , ( ( 1.0 , 1 , 1 )
          , Segment
              (Point
                 (-1.9282032302755105) (-1.4641016151377548) 1.0 2.803847577293368)
              (Point
                 (-7.928203230275514) (-5.464101615137757) 1.0 9.732050807568882)
          )
        , ( ( 1.0 , 1 , 1 )
          , Segment
              (Point
                 (-1.9282032302755105)
                 (-1.4641016151377548)
                 (-1.0)
                 2.803847577293368)
              (Point
                 (-7.928203230275514) (-5.464101615137757) (-1.0) 9.732050807568882)
          )
        , ( ( 1.0 , 1 , 1 )
          , Segment
              (Point
                 (-11.928203230275516)
                 (-5.464101615137759)
                 (-1.0)
                 13.19615242270664)
              (Point
                 (-11.928203230275516) (-5.464101615137759) 1.0 13.19615242270664)
          )
        , ( ( 1.0 , 1 , 1 )
          , Segment
              (Point
                 (-5.928203230275512)
                 (-1.4641016151377566)
                 (-1.0)
                 6.267949192431125)
              (Point
                 (-5.928203230275512) (-1.4641016151377566) 1.0 6.267949192431125)
          )
        , ( ( 1.0 , 1 , 1 )
          , Segment
              (Point
                 (-7.928203230275514) (-5.464101615137757) (-1.0) 9.732050807568882)
              (Point
                 (-7.928203230275514) (-5.464101615137757) 1.0 9.732050807568882)
          )
        , ( ( 1.0 , 1 , 1 )
          , Segment
              (Point
                 (-1.9282032302755105)
                 (-1.4641016151377548)
                 (-1.0)
                 2.803847577293368)
              (Point
                 (-1.9282032302755105) (-1.4641016151377548) 1.0 2.803847577293368)
          )
        , ( ( 1.0 , 1 , 1 )
          , Segment
              (Point
                 (-5.928203230275514) (-7.928203230275514) 1.0 10.000000000000007)
              (Point
                 (-11.928203230275518) (-11.928203230275518) 1.0 16.92820323027552)
          )
        , ( ( 1.0 , 1 , 1 )
          , Segment
              (Point
                 (-5.928203230275514)
                 (-7.928203230275514)
                 (-1.0)
                 10.000000000000007)
              (Point
                 (-11.928203230275518)
                 (-11.928203230275518)
                 (-1.0)
                 16.92820323027552)
          )
        , ( ( 1.0 , 1 , 1 )
          , Segment
              (Point
                 (-1.9282032302755105) (-1.9282032302755105) 1.0 3.071796769724493)
              (Point
                 (-7.928203230275514) (-5.928203230275514) 1.0 10.000000000000007)
          )
        , ( ( 1.0 , 1 , 1 )
          , Segment
              (Point
                 (-1.9282032302755105)
                 (-1.9282032302755105)
                 (-1.0)
                 3.071796769724493)
              (Point
                 (-7.928203230275514)
                 (-5.928203230275514)
                 (-1.0)
                 10.000000000000007)
          )
        , ( ( 1.0 , 1 , 1 )
          , Segment
              (Point
                 (-7.928203230275514) (-5.928203230275514) 1.0 10.000000000000007)
              (Point
                 (-11.928203230275518) (-11.928203230275518) 1.0 16.92820323027552)
          )
        , ( ( 1.0 , 1 , 1 )
          , Segment
              (Point
                 (-7.928203230275514)
                 (-5.928203230275514)
                 (-1.0)
                 10.000000000000007)
              (Point
                 (-11.928203230275518)
                 (-11.928203230275518)
                 (-1.0)
                 16.92820323027552)
          )
        , ( ( 1.0 , 1 , 1 )
          , Segment
              (Point
                 (-1.9282032302755105) (-1.9282032302755105) 1.0 3.071796769724493)
              (Point
                 (-5.928203230275514) (-7.928203230275514) 1.0 10.000000000000007)
          )
        , ( ( 1.0 , 1 , 1 )
          , Segment
              (Point
                 (-1.9282032302755105)
                 (-1.9282032302755105)
                 (-1.0)
                 3.071796769724493)
              (Point
                 (-5.928203230275514)
                 (-7.928203230275514)
                 (-1.0)
                 10.000000000000007)
          )
        , ( ( 1.0 , 1 , 1 )
          , Segment
              (Point
                 (-11.928203230275518)
                 (-11.928203230275518)
                 (-1.0)
                 16.92820323027552)
              (Point
                 (-11.928203230275518) (-11.928203230275518) 1.0 16.92820323027552)
          )
        , ( ( 1.0 , 1 , 1 )
          , Segment
              (Point
                 (-7.928203230275514)
                 (-5.928203230275514)
                 (-1.0)
                 10.000000000000007)
              (Point
                 (-7.928203230275514) (-5.928203230275514) 1.0 10.000000000000007)
          )
        , ( ( 1.0 , 1 , 1 )
          , Segment
              (Point
                 (-5.928203230275514)
                 (-7.928203230275514)
                 (-1.0)
                 10.000000000000007)
              (Point
                 (-5.928203230275514) (-7.928203230275514) 1.0 10.000000000000007)
          )
        , ( ( 1.0 , 1 , 1 )
          , Segment
              (Point
                 (-1.9282032302755105)
                 (-1.9282032302755105)
                 (-1.0)
                 3.071796769724493)
              (Point
                 (-1.9282032302755105) (-1.9282032302755105) 1.0 3.071796769724493)
          )
        , ( ( 1.0 , 1 , 1 )
          , Segment
              (Point
                 (-1.4641016151377562) (-5.9282032302755105) 1.0 6.267949192431125)
              (Point
                 (-5.464101615137757) (-11.928203230275514) 1.0 13.196152422706637)
          )
        , ( ( 1.0 , 1 , 1 )
          , Segment
              (Point
                 (-1.4641016151377562)
                 (-5.9282032302755105)
                 (-1.0)
                 6.267949192431125)
              (Point
                 (-5.464101615137757)
                 (-11.928203230275514)
                 (-1.0)
                 13.196152422706637)
          )
        , ( ( 1.0 , 1 , 1 )
          , Segment
              (Point
                 (-1.4641016151377553) (-1.9282032302755105) 1.0 2.8038475772933698)
              (Point
                 (-5.464101615137756) (-7.928203230275514) 1.0 9.732050807568882)
          )
        , ( ( 1.0 , 1 , 1 )
          , Segment
              (Point
                 (-1.4641016151377553)
                 (-1.9282032302755105)
                 (-1.0)
                 2.8038475772933698)
              (Point
                 (-5.464101615137756) (-7.928203230275514) (-1.0) 9.732050807568882)
          )
        , ( ( 1.0 , 1 , 1 )
          , Segment
              (Point
                 (-5.464101615137756) (-7.928203230275514) 1.0 9.732050807568882)
              (Point
                 (-5.464101615137757) (-11.928203230275514) 1.0 13.196152422706637)
          )
        , ( ( 1.0 , 1 , 1 )
          , Segment
              (Point
                 (-5.464101615137756) (-7.928203230275514) (-1.0) 9.732050807568882)
              (Point
                 (-5.464101615137757)
                 (-11.928203230275514)
                 (-1.0)
                 13.196152422706637)
          )
        , ( ( 1.0 , 1 , 1 )
          , Segment
              (Point
                 (-1.4641016151377553) (-1.9282032302755105) 1.0 2.8038475772933698)
              (Point
                 (-1.4641016151377562) (-5.9282032302755105) 1.0 6.267949192431125)
          )
        , ( ( 1.0 , 1 , 1 )
          , Segment
              (Point
                 (-1.4641016151377553)
                 (-1.9282032302755105)
                 (-1.0)
                 2.8038475772933698)
              (Point
                 (-1.4641016151377562)
                 (-5.9282032302755105)
                 (-1.0)
                 6.267949192431125)
          )
        , ( ( 1.0 , 1 , 1 )
          , Segment
              (Point
                 (-5.464101615137757)
                 (-11.928203230275514)
                 (-1.0)
                 13.196152422706637)
              (Point
                 (-5.464101615137757) (-11.928203230275514) 1.0 13.196152422706637)
          )
        , ( ( 1.0 , 1 , 1 )
          , Segment
              (Point
                 (-5.464101615137756) (-7.928203230275514) (-1.0) 9.732050807568882)
              (Point
                 (-5.464101615137756) (-7.928203230275514) 1.0 9.732050807568882)
          )
        , ( ( 1.0 , 1 , 1 )
          , Segment
              (Point
                 (-1.4641016151377562)
                 (-5.9282032302755105)
                 (-1.0)
                 6.267949192431125)
              (Point
                 (-1.4641016151377562) (-5.9282032302755105) 1.0 6.267949192431125)
          )
        , ( ( 1.0 , 1 , 1 )
          , Segment
              (Point
                 (-1.4641016151377553)
                 (-1.9282032302755105)
                 (-1.0)
                 2.8038475772933698)
              (Point
                 (-1.4641016151377553) (-1.9282032302755105) 1.0 2.8038475772933698)
          )
        , ( ( 1.0 , 1 , 1 )
          , Segment
              (Point
                 1.0000000000000004 (-1.4641016151377517) 1.0 2.267949192431121)
              (Point
                 1.000000000000003 (-5.464101615137751) 1.0 5.732050807568873)
          )
        , ( ( 1.0 , 1 , 1 )
          , Segment
              (Point
                 1.0000000000000004 (-1.4641016151377517) (-1.0) 2.267949192431121)
              (Point
                 1.000000000000003 (-5.464101615137751) (-1.0) 5.732050807568873)
          )
        , ( ( 1.0 , 1 , 1 )
          , Segment
              (Point
                 (-0.9999999999999996) (-1.4641016151377546) 1.0 2.267949192431123)
              (Point
                 (-0.9999999999999969) (-5.4641016151377535) 1.0 5.732050807568875)
          )
        , ( ( 1.0 , 1 , 1 )
          , Segment
              (Point
                 (-0.9999999999999996)
                 (-1.4641016151377546)
                 (-1.0)
                 2.267949192431123)
              (Point
                 (-0.9999999999999969)
                 (-5.4641016151377535)
                 (-1.0)
                 5.732050807568875)
          )
        , ( ( 1.0 , 1 , 1 )
          , Segment
              (Point
                 (-0.9999999999999969) (-5.4641016151377535) 1.0 5.732050807568875)
              (Point
                 1.000000000000003 (-5.464101615137751) 1.0 5.732050807568873)
          )
        , ( ( 1.0 , 1 , 1 )
          , Segment
              (Point
                 (-0.9999999999999969)
                 (-5.4641016151377535)
                 (-1.0)
                 5.732050807568875)
              (Point
                 1.000000000000003 (-5.464101615137751) (-1.0) 5.732050807568873)
          )
        , ( ( 1.0 , 1 , 1 )
          , Segment
              (Point
                 (-0.9999999999999996) (-1.4641016151377546) 1.0 2.267949192431123)
              (Point
                 1.0000000000000004 (-1.4641016151377517) 1.0 2.267949192431121)
          )
        , ( ( 1.0 , 1 , 1 )
          , Segment
              (Point
                 (-0.9999999999999996)
                 (-1.4641016151377546)
                 (-1.0)
                 2.267949192431123)
              (Point
                 1.0000000000000004 (-1.4641016151377517) (-1.0) 2.267949192431121)
          )
        , ( ( 1.0 , 1 , 1 )
          , Segment
              (Point
                 1.000000000000003 (-5.464101615137751) (-1.0) 5.732050807568873)
              (Point
                 1.000000000000003 (-5.464101615137751) 1.0 5.732050807568873)
          )
        , ( ( 1.0 , 1 , 1 )
          , Segment
              (Point
                 (-0.9999999999999969)
                 (-5.4641016151377535)
                 (-1.0)
                 5.732050807568875)
              (Point
                 (-0.9999999999999969) (-5.4641016151377535) 1.0 5.732050807568875)
          )
        , ( ( 1.0 , 1 , 1 )
          , Segment
              (Point
                 1.0000000000000004 (-1.4641016151377517) (-1.0) 2.267949192431121)
              (Point
                 1.0000000000000004 (-1.4641016151377517) 1.0 2.267949192431121)
          )
        , ( ( 1.0 , 1 , 1 )
          , Segment
              (Point
                 (-0.9999999999999996)
                 (-1.4641016151377546)
                 (-1.0)
                 2.267949192431123)
              (Point
                 (-0.9999999999999996) (-1.4641016151377546) 1.0 2.267949192431123)
          )
        , ( ( 1.0 , 1 , 1 )
          , Segment
              (Point
                 (-1.0000000000000053) 1.0000000000000004 1.0 2.000000000000003)
              (Point 0.9999999999999947 1.0000000000000058 1.0 2.0)
          )
        , ( ( 1.0 , 1 , 1 )
          , Segment
              (Point
                 (-1.0000000000000053) 1.0000000000000004 (-1.0) 2.000000000000003)
              (Point 0.9999999999999947 1.0000000000000058 (-1.0) 2.0)
          )
        , ( ( 1.0 , 1 , 1 )
          , Segment
              (Point (-1.0) (-0.9999999999999996) 1.0 2.0)
              (Point 1.0 (-0.9999999999999942) 1.0 1.999999999999997)
          )
        , ( ( 1.0 , 1 , 1 )
          , Segment
              (Point (-1.0) (-0.9999999999999996) (-1.0) 2.0)
              (Point 1.0 (-0.9999999999999942) (-1.0) 1.999999999999997)
          )
        , ( ( 1.0 , 1 , 1 )
          , Segment
              (Point 1.0 (-0.9999999999999942) 1.0 1.999999999999997)
              (Point 0.9999999999999947 1.0000000000000058 1.0 2.0)
          )
        , ( ( 1.0 , 1 , 1 )
          , Segment
              (Point 1.0 (-0.9999999999999942) (-1.0) 1.999999999999997)
              (Point 0.9999999999999947 1.0000000000000058 (-1.0) 2.0)
          )
        , ( ( 1.0 , 1 , 1 )
          , Segment
              (Point (-1.0) (-0.9999999999999996) 1.0 2.0)
              (Point
                 (-1.0000000000000053) 1.0000000000000004 1.0 2.000000000000003)
          )
        , ( ( 1.0 , 1 , 1 )
          , Segment
              (Point (-1.0) (-0.9999999999999996) (-1.0) 2.0)
              (Point
                 (-1.0000000000000053) 1.0000000000000004 (-1.0) 2.000000000000003)
          )
        , ( ( 1.0 , 1 , 1 )
          , Segment
              (Point 0.9999999999999947 1.0000000000000058 (-1.0) 2.0)
              (Point 0.9999999999999947 1.0000000000000058 1.0 2.0)
          )
        , ( ( 1.0 , 1 , 1 )
          , Segment
              (Point 1.0 (-0.9999999999999942) (-1.0) 1.999999999999997)
              (Point 1.0 (-0.9999999999999942) 1.0 1.999999999999997)
          )
        , ( ( 1.0 , 1 , 1 )
          , Segment
              (Point
                 (-1.0000000000000053) 1.0000000000000004 (-1.0) 2.000000000000003)
              (Point
                 (-1.0000000000000053) 1.0000000000000004 1.0 2.000000000000003)
          )
        , ( ( 1.0 , 1 , 1 )
          , Segment
              (Point (-1.0) (-0.9999999999999996) (-1.0) 2.0)
              (Point (-1.0) (-0.9999999999999996) 1.0 2.0)
          )
        , ( ( 1.0 , 1 , 1 )
          , Segment
              (Point (-1.0) 1.0 5.464101615137756 5.7320508075688785)
              (Point 1.0 1.0 5.464101615137756 5.7320508075688785)
          )
        , ( ( 1.0 , 1 , 1 )
          , Segment
              (Point (-1.0) 1.0 1.4641016151377553 2.2679491924311233)
              (Point 1.0 1.0 1.4641016151377553 2.2679491924311233)
          )
        , ( ( 1.0 , 1 , 1 )
          , Segment
              (Point (-1.0) (-1.0) 5.464101615137756 5.7320508075688785)
              (Point 1.0 (-1.0) 5.464101615137756 5.7320508075688785)
          )
        , ( ( 1.0 , 1 , 1 )
          , Segment
              (Point (-1.0) (-1.0) 1.4641016151377553 2.2679491924311233)
              (Point 1.0 (-1.0) 1.4641016151377553 2.2679491924311233)
          )
        , ( ( 1.0 , 1 , 1 )
          , Segment
              (Point 1.0 (-1.0) 5.464101615137756 5.7320508075688785)
              (Point 1.0 1.0 5.464101615137756 5.7320508075688785)
          )
        , ( ( 1.0 , 1 , 1 )
          , Segment
              (Point 1.0 (-1.0) 1.4641016151377553 2.2679491924311233)
              (Point 1.0 1.0 1.4641016151377553 2.2679491924311233)
          )
        , ( ( 1.0 , 1 , 1 )
          , Segment
              (Point (-1.0) (-1.0) 5.464101615137756 5.7320508075688785)
              (Point (-1.0) 1.0 5.464101615137756 5.7320508075688785)
          )
        , ( ( 1.0 , 1 , 1 )
          , Segment
              (Point (-1.0) (-1.0) 1.4641016151377553 2.2679491924311233)
              (Point (-1.0) 1.0 1.4641016151377553 2.2679491924311233)
          )
        , ( ( 1.0 , 1 , 1 )
          , Segment
              (Point 1.0 1.0 1.4641016151377553 2.2679491924311233)
              (Point 1.0 1.0 5.464101615137756 5.7320508075688785)
          )
        , ( ( 1.0 , 1 , 1 )
          , Segment
              (Point 1.0 (-1.0) 1.4641016151377553 2.2679491924311233)
              (Point 1.0 (-1.0) 5.464101615137756 5.7320508075688785)
          )
        , ( ( 1.0 , 1 , 1 )
          , Segment
              (Point (-1.0) 1.0 1.4641016151377553 2.2679491924311233)
              (Point (-1.0) 1.0 5.464101615137756 5.7320508075688785)
          )
        , ( ( 1.0 , 1 , 1 )
          , Segment
              (Point (-1.0) (-1.0) 1.4641016151377553 2.2679491924311233)
              (Point (-1.0) (-1.0) 5.464101615137756 5.7320508075688785)
          )
        , ( ( 1.0 , 1 , 1 )
          , Segment
              (Point
                 (-5.464101615137757)
                 (-1.0000000000000007)
                 11.928203230275516
                 13.19615242270664)
              (Point
                 (-5.464101615137757)
                 0.9999999999999993
                 11.928203230275518
                 13.196152422706641)
          )
        , ( ( 1.0 , 1 , 1 )
          , Segment
              (Point
                 (-5.464101615137757)
                 (-1.0000000000000007)
                 7.928203230275516
                 9.732050807568882)
              (Point
                 (-5.464101615137757)
                 0.9999999999999993
                 7.928203230275518
                 9.732050807568884)
          )
        , ( ( 1.0 , 1 , 1 )
          , Segment
              (Point
                 (-1.4641016151377553)
                 (-1.0000000000000002)
                 5.928203230275512
                 6.267949192431125)
              (Point
                 (-1.4641016151377553)
                 0.9999999999999998
                 5.928203230275513
                 6.267949192431127)
          )
        , ( ( 1.0 , 1 , 1 )
          , Segment
              (Point
                 (-1.4641016151377553)
                 (-1.0000000000000002)
                 1.928203230275511
                 2.8038475772933698)
              (Point
                 (-1.4641016151377553)
                 0.9999999999999998
                 1.9282032302755123
                 2.8038475772933715)
          )
        , ( ( 1.0 , 1 , 1 )
          , Segment
              (Point
                 (-1.4641016151377553)
                 0.9999999999999998
                 5.928203230275513
                 6.267949192431127)
              (Point
                 (-5.464101615137757)
                 0.9999999999999993
                 11.928203230275518
                 13.196152422706641)
          )
        , ( ( 1.0 , 1 , 1 )
          , Segment
              (Point
                 (-1.4641016151377553)
                 0.9999999999999998
                 1.9282032302755123
                 2.8038475772933715)
              (Point
                 (-5.464101615137757)
                 0.9999999999999993
                 7.928203230275518
                 9.732050807568884)
          )
        , ( ( 1.0 , 1 , 1 )
          , Segment
              (Point
                 (-1.4641016151377553)
                 (-1.0000000000000002)
                 5.928203230275512
                 6.267949192431125)
              (Point
                 (-5.464101615137757)
                 (-1.0000000000000007)
                 11.928203230275516
                 13.19615242270664)
          )
        , ( ( 1.0 , 1 , 1 )
          , Segment
              (Point
                 (-1.4641016151377553)
                 (-1.0000000000000002)
                 1.928203230275511
                 2.8038475772933698)
              (Point
                 (-5.464101615137757)
                 (-1.0000000000000007)
                 7.928203230275516
                 9.732050807568882)
          )
        , ( ( 1.0 , 1 , 1 )
          , Segment
              (Point
                 (-5.464101615137757)
                 0.9999999999999993
                 7.928203230275518
                 9.732050807568884)
              (Point
                 (-5.464101615137757)
                 0.9999999999999993
                 11.928203230275518
                 13.196152422706641)
          )
        , ( ( 1.0 , 1 , 1 )
          , Segment
              (Point
                 (-1.4641016151377553)
                 0.9999999999999998
                 1.9282032302755123
                 2.8038475772933715)
              (Point
                 (-1.4641016151377553)
                 0.9999999999999998
                 5.928203230275513
                 6.267949192431127)
          )
        , ( ( 1.0 , 1 , 1 )
          , Segment
              (Point
                 (-5.464101615137757)
                 (-1.0000000000000007)
                 7.928203230275516
                 9.732050807568882)
              (Point
                 (-5.464101615137757)
                 (-1.0000000000000007)
                 11.928203230275516
                 13.19615242270664)
          )
        , ( ( 1.0 , 1 , 1 )
          , Segment
              (Point
                 (-1.4641016151377553)
                 (-1.0000000000000002)
                 1.928203230275511
                 2.8038475772933698)
              (Point
                 (-1.4641016151377553)
                 (-1.0000000000000002)
                 5.928203230275512
                 6.267949192431125)
          )
        , ( ( 1.0 , 1 , 1 )
          , Segment
              (Point
                 (-7.928203230275514)
                 (-5.464101615137757)
                 18.85640646055103
                 21.196152422706646)
              (Point
                 (-11.928203230275516)
                 (-5.464101615137759)
                 24.85640646055104
                 28.124355652982164)
          )
        , ( ( 1.0 , 1 , 1 )
          , Segment
              (Point
                 (-7.928203230275514)
                 (-5.464101615137757)
                 14.856406460551032
                 17.73205080756889)
              (Point
                 (-11.928203230275516)
                 (-5.464101615137759)
                 20.85640646055104
                 24.660254037844407)
          )
        , ( ( 1.0 , 1 , 1 )
          , Segment
              (Point
                 (-1.9282032302755105)
                 (-1.4641016151377548)
                 6.856406460551019
                 7.3397459621556145)
              (Point
                 (-5.928203230275512)
                 (-1.4641016151377566)
                 12.856406460551026
                 14.267949192431132)
          )
        , ( ( 1.0 , 1 , 1 )
          , Segment
              (Point
                 (-1.9282032302755105)
                 (-1.4641016151377548)
                 2.856406460551019
                 3.875644347017859)
              (Point
                 (-5.928203230275512)
                 (-1.4641016151377566)
                 8.856406460551026
                 10.803847577293375)
          )
        , ( ( 1.0 , 1 , 1 )
          , Segment
              (Point
                 (-5.928203230275512)
                 (-1.4641016151377566)
                 12.856406460551026
                 14.267949192431132)
              (Point
                 (-11.928203230275516)
                 (-5.464101615137759)
                 24.85640646055104
                 28.124355652982164)
          )
        , ( ( 1.0 , 1 , 1 )
          , Segment
              (Point
                 (-5.928203230275512)
                 (-1.4641016151377566)
                 8.856406460551026
                 10.803847577293375)
              (Point
                 (-11.928203230275516)
                 (-5.464101615137759)
                 20.85640646055104
                 24.660254037844407)
          )
        , ( ( 1.0 , 1 , 1 )
          , Segment
              (Point
                 (-1.9282032302755105)
                 (-1.4641016151377548)
                 6.856406460551019
                 7.3397459621556145)
              (Point
                 (-7.928203230275514)
                 (-5.464101615137757)
                 18.85640646055103
                 21.196152422706646)
          )
        , ( ( 1.0 , 1 , 1 )
          , Segment
              (Point
                 (-1.9282032302755105)
                 (-1.4641016151377548)
                 2.856406460551019
                 3.875644347017859)
              (Point
                 (-7.928203230275514)
                 (-5.464101615137757)
                 14.856406460551032
                 17.73205080756889)
          )
        , ( ( 1.0 , 1 , 1 )
          , Segment
              (Point
                 (-11.928203230275516)
                 (-5.464101615137759)
                 20.85640646055104
                 24.660254037844407)
              (Point
                 (-11.928203230275516)
                 (-5.464101615137759)
                 24.85640646055104
                 28.124355652982164)
          )
        , ( ( 1.0 , 1 , 1 )
          , Segment
              (Point
                 (-5.928203230275512)
                 (-1.4641016151377566)
                 8.856406460551026
                 10.803847577293375)
              (Point
                 (-5.928203230275512)
                 (-1.4641016151377566)
                 12.856406460551026
                 14.267949192431132)
          )
        , ( ( 1.0 , 1 , 1 )
          , Segment
              (Point
                 (-7.928203230275514)
                 (-5.464101615137757)
                 14.856406460551032
                 17.73205080756889)
              (Point
                 (-7.928203230275514)
                 (-5.464101615137757)
                 18.85640646055103
                 21.196152422706646)
          )
        , ( ( 1.0 , 1 , 1 )
          , Segment
              (Point
                 (-1.9282032302755105)
                 (-1.4641016151377548)
                 2.856406460551019
                 3.875644347017859)
              (Point
                 (-1.9282032302755105)
                 (-1.4641016151377548)
                 6.856406460551019
                 7.3397459621556145)
          )
        , ( ( 1.0 , 1 , 1 )
          , Segment
              (Point
                 (-5.928203230275514)
                 (-7.928203230275514)
                 19.320508075688792
                 21.732050807568896)
              (Point
                 (-11.928203230275518)
                 (-11.928203230275518)
                 31.320508075688803
                 35.588457268119924)
          )
        , ( ( 1.0 , 1 , 1 )
          , Segment
              (Point
                 (-5.928203230275514)
                 (-7.928203230275514)
                 15.320508075688792
                 18.26794919243114)
              (Point
                 (-11.928203230275518)
                 (-11.928203230275518)
                 27.320508075688803
                 32.124355652982175)
          )
        , ( ( 1.0 , 1 , 1 )
          , Segment
              (Point
                 (-1.9282032302755105)
                 (-1.9282032302755105)
                 7.320508075688778
                 7.875644347017865)
              (Point
                 (-7.928203230275514)
                 (-5.928203230275514)
                 19.320508075688792
                 21.732050807568896)
          )
        , ( ( 1.0 , 1 , 1 )
          , Segment
              (Point
                 (-1.9282032302755105)
                 (-1.9282032302755105)
                 3.3205080756887777
                 4.41154273188011)
              (Point
                 (-7.928203230275514)
                 (-5.928203230275514)
                 15.320508075688792
                 18.26794919243114)
          )
        , ( ( 1.0 , 1 , 1 )
          , Segment
              (Point
                 (-7.928203230275514)
                 (-5.928203230275514)
                 19.320508075688792
                 21.732050807568896)
              (Point
                 (-11.928203230275518)
                 (-11.928203230275518)
                 31.320508075688803
                 35.588457268119924)
          )
        , ( ( 1.0 , 1 , 1 )
          , Segment
              (Point
                 (-7.928203230275514)
                 (-5.928203230275514)
                 15.320508075688792
                 18.26794919243114)
              (Point
                 (-11.928203230275518)
                 (-11.928203230275518)
                 27.320508075688803
                 32.124355652982175)
          )
        , ( ( 1.0 , 1 , 1 )
          , Segment
              (Point
                 (-1.9282032302755105)
                 (-1.9282032302755105)
                 7.320508075688778
                 7.875644347017865)
              (Point
                 (-5.928203230275514)
                 (-7.928203230275514)
                 19.320508075688792
                 21.732050807568896)
          )
        , ( ( 1.0 , 1 , 1 )
          , Segment
              (Point
                 (-1.9282032302755105)
                 (-1.9282032302755105)
                 3.3205080756887777
                 4.41154273188011)
              (Point
                 (-5.928203230275514)
                 (-7.928203230275514)
                 15.320508075688792
                 18.26794919243114)
          )
        , ( ( 1.0 , 1 , 1 )
          , Segment
              (Point
                 (-11.928203230275518)
                 (-11.928203230275518)
                 27.320508075688803
                 32.124355652982175)
              (Point
                 (-11.928203230275518)
                 (-11.928203230275518)
                 31.320508075688803
                 35.588457268119924)
          )
        , ( ( 1.0 , 1 , 1 )
          , Segment
              (Point
                 (-7.928203230275514)
                 (-5.928203230275514)
                 15.320508075688792
                 18.26794919243114)
              (Point
                 (-7.928203230275514)
                 (-5.928203230275514)
                 19.320508075688792
                 21.732050807568896)
          )
        , ( ( 1.0 , 1 , 1 )
          , Segment
              (Point
                 (-5.928203230275514)
                 (-7.928203230275514)
                 15.320508075688792
                 18.26794919243114)
              (Point
                 (-5.928203230275514)
                 (-7.928203230275514)
                 19.320508075688792
                 21.732050807568896)
          )
        , ( ( 1.0 , 1 , 1 )
          , Segment
              (Point
                 (-1.9282032302755105)
                 (-1.9282032302755105)
                 3.3205080756887777
                 4.41154273188011)
              (Point
                 (-1.9282032302755105)
                 (-1.9282032302755105)
                 7.320508075688778
                 7.875644347017865)
          )
        , ( ( 1.0 , 1 , 1 )
          , Segment
              (Point
                 (-1.4641016151377562)
                 (-5.9282032302755105)
                 12.856406460551026
                 14.267949192431132)
              (Point
                 (-5.464101615137757)
                 (-11.928203230275514)
                 24.856406460551035
                 28.12435565298216)
          )
        , ( ( 1.0 , 1 , 1 )
          , Segment
              (Point
                 (-1.4641016151377562)
                 (-5.9282032302755105)
                 8.856406460551026
                 10.803847577293375)
              (Point
                 (-5.464101615137757)
                 (-11.928203230275514)
                 20.856406460551035
                 24.660254037844403)
          )
        , ( ( 1.0 , 1 , 1 )
          , Segment
              (Point
                 (-1.4641016151377553)
                 (-1.9282032302755105)
                 6.856406460551023
                 7.339745962155618)
              (Point
                 (-5.464101615137756)
                 (-7.928203230275514)
                 18.85640646055103
                 21.196152422706646)
          )
        , ( ( 1.0 , 1 , 1 )
          , Segment
              (Point
                 (-1.4641016151377553)
                 (-1.9282032302755105)
                 2.8564064605510224
                 3.8756443470178628)
              (Point
                 (-5.464101615137756)
                 (-7.928203230275514)
                 14.856406460551032
                 17.73205080756889)
          )
        , ( ( 1.0 , 1 , 1 )
          , Segment
              (Point
                 (-5.464101615137756)
                 (-7.928203230275514)
                 18.85640646055103
                 21.196152422706646)
              (Point
                 (-5.464101615137757)
                 (-11.928203230275514)
                 24.856406460551035
                 28.12435565298216)
          )
        , ( ( 1.0 , 1 , 1 )
          , Segment
              (Point
                 (-5.464101615137756)
                 (-7.928203230275514)
                 14.856406460551032
                 17.73205080756889)
              (Point
                 (-5.464101615137757)
                 (-11.928203230275514)
                 20.856406460551035
                 24.660254037844403)
          )
        , ( ( 1.0 , 1 , 1 )
          , Segment
              (Point
                 (-1.4641016151377553)
                 (-1.9282032302755105)
                 6.856406460551023
                 7.339745962155618)
              (Point
                 (-1.4641016151377562)
                 (-5.9282032302755105)
                 12.856406460551026
                 14.267949192431132)
          )
        , ( ( 1.0 , 1 , 1 )
          , Segment
              (Point
                 (-1.4641016151377553)
                 (-1.9282032302755105)
                 2.8564064605510224
                 3.8756443470178628)
              (Point
                 (-1.4641016151377562)
                 (-5.9282032302755105)
                 8.856406460551026
                 10.803847577293375)
          )
        , ( ( 1.0 , 1 , 1 )
          , Segment
              (Point
                 (-5.464101615137757)
                 (-11.928203230275514)
                 20.856406460551035
                 24.660254037844403)
              (Point
                 (-5.464101615137757)
                 (-11.928203230275514)
                 24.856406460551035
                 28.12435565298216)
          )
        , ( ( 1.0 , 1 , 1 )
          , Segment
              (Point
                 (-5.464101615137756)
                 (-7.928203230275514)
                 14.856406460551032
                 17.73205080756889)
              (Point
                 (-5.464101615137756)
                 (-7.928203230275514)
                 18.85640646055103
                 21.196152422706646)
          )
        , ( ( 1.0 , 1 , 1 )
          , Segment
              (Point
                 (-1.4641016151377562)
                 (-5.9282032302755105)
                 8.856406460551026
                 10.803847577293375)
              (Point
                 (-1.4641016151377562)
                 (-5.9282032302755105)
                 12.856406460551026
                 14.267949192431132)
          )
        , ( ( 1.0 , 1 , 1 )
          , Segment
              (Point
                 (-1.4641016151377553)
                 (-1.9282032302755105)
                 2.8564064605510224
                 3.8756443470178628)
              (Point
                 (-1.4641016151377553)
                 (-1.9282032302755105)
                 6.856406460551023
                 7.339745962155618)
          )
        , ( ( 1.0 , 1 , 1 )
          , Segment
              (Point
                 1.0000000000000004
                 (-1.4641016151377517)
                 5.928203230275508
                 6.267949192431121)
              (Point
                 1.000000000000003
                 (-5.464101615137751)
                 11.928203230275505
                 13.196152422706627)
          )
        , ( ( 1.0 , 1 , 1 )
          , Segment
              (Point
                 1.0000000000000004
                 (-1.4641016151377517)
                 1.928203230275507
                 2.8038475772933653)
              (Point
                 1.000000000000003
                 (-5.464101615137751)
                 7.928203230275505
                 9.73205080756887)
          )
        , ( ( 1.0 , 1 , 1 )
          , Segment
              (Point
                 (-0.9999999999999996)
                 (-1.4641016151377546)
                 5.9282032302755105
                 6.267949192431124)
              (Point
                 (-0.9999999999999969)
                 (-5.4641016151377535)
                 11.928203230275509
                 13.19615242270663)
          )
        , ( ( 1.0 , 1 , 1 )
          , Segment
              (Point
                 (-0.9999999999999996)
                 (-1.4641016151377546)
                 1.92820323027551
                 2.803847577293369)
              (Point
                 (-0.9999999999999969)
                 (-5.4641016151377535)
                 7.928203230275509
                 9.732050807568873)
          )
        , ( ( 1.0 , 1 , 1 )
          , Segment
              (Point
                 (-0.9999999999999969)
                 (-5.4641016151377535)
                 11.928203230275509
                 13.19615242270663)
              (Point
                 1.000000000000003
                 (-5.464101615137751)
                 11.928203230275505
                 13.196152422706627)
          )
        , ( ( 1.0 , 1 , 1 )
          , Segment
              (Point
                 (-0.9999999999999969)
                 (-5.4641016151377535)
                 7.928203230275509
                 9.732050807568873)
              (Point
                 1.000000000000003
                 (-5.464101615137751)
                 7.928203230275505
                 9.73205080756887)
          )
        , ( ( 1.0 , 1 , 1 )
          , Segment
              (Point
                 (-0.9999999999999996)
                 (-1.4641016151377546)
                 5.9282032302755105
                 6.267949192431124)
              (Point
                 1.0000000000000004
                 (-1.4641016151377517)
                 5.928203230275508
                 6.267949192431121)
          )
        , ( ( 1.0 , 1 , 1 )
          , Segment
              (Point
                 (-0.9999999999999996)
                 (-1.4641016151377546)
                 1.92820323027551
                 2.803847577293369)
              (Point
                 1.0000000000000004
                 (-1.4641016151377517)
                 1.928203230275507
                 2.8038475772933653)
          )
        , ( ( 1.0 , 1 , 1 )
          , Segment
              (Point
                 1.000000000000003
                 (-5.464101615137751)
                 7.928203230275505
                 9.73205080756887)
              (Point
                 1.000000000000003
                 (-5.464101615137751)
                 11.928203230275505
                 13.196152422706627)
          )
        , ( ( 1.0 , 1 , 1 )
          , Segment
              (Point
                 (-0.9999999999999969)
                 (-5.4641016151377535)
                 7.928203230275509
                 9.732050807568873)
              (Point
                 (-0.9999999999999969)
                 (-5.4641016151377535)
                 11.928203230275509
                 13.19615242270663)
          )
        , ( ( 1.0 , 1 , 1 )
          , Segment
              (Point
                 1.0000000000000004
                 (-1.4641016151377517)
                 1.928203230275507
                 2.8038475772933653)
              (Point
                 1.0000000000000004
                 (-1.4641016151377517)
                 5.928203230275508
                 6.267949192431121)
          )
        , ( ( 1.0 , 1 , 1 )
          , Segment
              (Point
                 (-0.9999999999999996)
                 (-1.4641016151377546)
                 1.92820323027551
                 2.803847577293369)
              (Point
                 (-0.9999999999999996)
                 (-1.4641016151377546)
                 5.9282032302755105
                 6.267949192431124)
          )
        , ( ( 1.0 , 1 , 1 )
          , Segment
              (Point
                 (-1.0000000000000053)
                 1.0000000000000004
                 5.4641016151377615
                 5.732050807568885)
              (Point
                 0.9999999999999947
                 1.0000000000000058
                 5.464101615137756
                 5.7320508075688785)
          )
        , ( ( 1.0 , 1 , 1 )
          , Segment
              (Point
                 (-1.0000000000000053)
                 1.0000000000000004
                 1.4641016151377606
                 2.2679491924311295)
              (Point
                 0.9999999999999947
                 1.0000000000000058
                 1.4641016151377553
                 2.2679491924311233)
          )
        , ( ( 1.0 , 1 , 1 )
          , Segment
              (Point
                 (-1.0) (-0.9999999999999996) 5.464101615137756 5.7320508075688785)
              (Point
                 1.0 (-0.9999999999999942) 5.464101615137751 5.732050807568872)
          )
        , ( ( 1.0 , 1 , 1 )
          , Segment
              (Point
                 (-1.0) (-0.9999999999999996) 1.4641016151377553 2.2679491924311233)
              (Point
                 1.0 (-0.9999999999999942) 1.46410161513775 2.267949192431117)
          )
        , ( ( 1.0 , 1 , 1 )
          , Segment
              (Point
                 1.0 (-0.9999999999999942) 5.464101615137751 5.732050807568872)
              (Point
                 0.9999999999999947
                 1.0000000000000058
                 5.464101615137756
                 5.7320508075688785)
          )
        , ( ( 1.0 , 1 , 1 )
          , Segment
              (Point
                 1.0 (-0.9999999999999942) 1.46410161513775 2.267949192431117)
              (Point
                 0.9999999999999947
                 1.0000000000000058
                 1.4641016151377553
                 2.2679491924311233)
          )
        , ( ( 1.0 , 1 , 1 )
          , Segment
              (Point
                 (-1.0) (-0.9999999999999996) 5.464101615137756 5.7320508075688785)
              (Point
                 (-1.0000000000000053)
                 1.0000000000000004
                 5.4641016151377615
                 5.732050807568885)
          )
        , ( ( 1.0 , 1 , 1 )
          , Segment
              (Point
                 (-1.0) (-0.9999999999999996) 1.4641016151377553 2.2679491924311233)
              (Point
                 (-1.0000000000000053)
                 1.0000000000000004
                 1.4641016151377606
                 2.2679491924311295)
          )
        , ( ( 1.0 , 1 , 1 )
          , Segment
              (Point
                 0.9999999999999947
                 1.0000000000000058
                 1.4641016151377553
                 2.2679491924311233)
              (Point
                 0.9999999999999947
                 1.0000000000000058
                 5.464101615137756
                 5.7320508075688785)
          )
        , ( ( 1.0 , 1 , 1 )
          , Segment
              (Point
                 1.0 (-0.9999999999999942) 1.46410161513775 2.267949192431117)
              (Point
                 1.0 (-0.9999999999999942) 5.464101615137751 5.732050807568872)
          )
        , ( ( 1.0 , 1 , 1 )
          , Segment
              (Point
                 (-1.0000000000000053)
                 1.0000000000000004
                 1.4641016151377606
                 2.2679491924311295)
              (Point
                 (-1.0000000000000053)
                 1.0000000000000004
                 5.4641016151377615
                 5.732050807568885)
          )
        , ( ( 1.0 , 1 , 1 )
          , Segment
              (Point
                 (-1.0) (-0.9999999999999996) 1.4641016151377553 2.2679491924311233)
              (Point
                 (-1.0) (-0.9999999999999996) 5.464101615137756 5.7320508075688785)
          )
        , ( ( 1.0 , 1 , 1 )
          , Segment
              (Point (-1.0) 1.0 (-1.4641016151377553) 2.2679491924311233)
              (Point 1.0 1.0 (-1.4641016151377553) 2.2679491924311233)
          )
        , ( ( 1.0 , 1 , 1 )
          , Segment
              (Point (-1.0) 1.0 (-5.464101615137756) 5.7320508075688785)
              (Point 1.0 1.0 (-5.464101615137756) 5.7320508075688785)
          )
        , ( ( 1.0 , 1 , 1 )
          , Segment
              (Point (-1.0) (-1.0) (-1.4641016151377553) 2.2679491924311233)
              (Point 1.0 (-1.0) (-1.4641016151377553) 2.2679491924311233)
          )
        , ( ( 1.0 , 1 , 1 )
          , Segment
              (Point (-1.0) (-1.0) (-5.464101615137756) 5.7320508075688785)
              (Point 1.0 (-1.0) (-5.464101615137756) 5.7320508075688785)
          )
        , ( ( 1.0 , 1 , 1 )
          , Segment
              (Point 1.0 (-1.0) (-1.4641016151377553) 2.2679491924311233)
              (Point 1.0 1.0 (-1.4641016151377553) 2.2679491924311233)
          )
        , ( ( 1.0 , 1 , 1 )
          , Segment
              (Point 1.0 (-1.0) (-5.464101615137756) 5.7320508075688785)
              (Point 1.0 1.0 (-5.464101615137756) 5.7320508075688785)
          )
        , ( ( 1.0 , 1 , 1 )
          , Segment
              (Point (-1.0) (-1.0) (-1.4641016151377553) 2.2679491924311233)
              (Point (-1.0) 1.0 (-1.4641016151377553) 2.2679491924311233)
          )
        , ( ( 1.0 , 1 , 1 )
          , Segment
              (Point (-1.0) (-1.0) (-5.464101615137756) 5.7320508075688785)
              (Point (-1.0) 1.0 (-5.464101615137756) 5.7320508075688785)
          )
        , ( ( 1.0 , 1 , 1 )
          , Segment
              (Point 1.0 1.0 (-5.464101615137756) 5.7320508075688785)
              (Point 1.0 1.0 (-1.4641016151377553) 2.2679491924311233)
          )
        , ( ( 1.0 , 1 , 1 )
          , Segment
              (Point 1.0 (-1.0) (-5.464101615137756) 5.7320508075688785)
              (Point 1.0 (-1.0) (-1.4641016151377553) 2.2679491924311233)
          )
        , ( ( 1.0 , 1 , 1 )
          , Segment
              (Point (-1.0) 1.0 (-5.464101615137756) 5.7320508075688785)
              (Point (-1.0) 1.0 (-1.4641016151377553) 2.2679491924311233)
          )
        , ( ( 1.0 , 1 , 1 )
          , Segment
              (Point (-1.0) (-1.0) (-5.464101615137756) 5.7320508075688785)
              (Point (-1.0) (-1.0) (-1.4641016151377553) 2.2679491924311233)
          )
        , ( ( 1.0 , 1 , 1 )
          , Segment
              (Point
                 (-5.464101615137757)
                 (-1.0000000000000007)
                 (-7.928203230275516)
                 9.732050807568882)
              (Point
                 (-5.464101615137757)
                 0.9999999999999993
                 (-7.928203230275518)
                 9.732050807568884)
          )
        , ( ( 1.0 , 1 , 1 )
          , Segment
              (Point
                 (-5.464101615137757)
                 (-1.0000000000000007)
                 (-11.928203230275516)
                 13.19615242270664)
              (Point
                 (-5.464101615137757)
                 0.9999999999999993
                 (-11.928203230275518)
                 13.196152422706641)
          )
        , ( ( 1.0 , 1 , 1 )
          , Segment
              (Point
                 (-1.4641016151377553)
                 (-1.0000000000000002)
                 (-1.928203230275511)
                 2.8038475772933698)
              (Point
                 (-1.4641016151377553)
                 0.9999999999999998
                 (-1.9282032302755123)
                 2.8038475772933715)
          )
        , ( ( 1.0 , 1 , 1 )
          , Segment
              (Point
                 (-1.4641016151377553)
                 (-1.0000000000000002)
                 (-5.928203230275512)
                 6.267949192431125)
              (Point
                 (-1.4641016151377553)
                 0.9999999999999998
                 (-5.928203230275513)
                 6.267949192431127)
          )
        , ( ( 1.0 , 1 , 1 )
          , Segment
              (Point
                 (-1.4641016151377553)
                 0.9999999999999998
                 (-1.9282032302755123)
                 2.8038475772933715)
              (Point
                 (-5.464101615137757)
                 0.9999999999999993
                 (-7.928203230275518)
                 9.732050807568884)
          )
        , ( ( 1.0 , 1 , 1 )
          , Segment
              (Point
                 (-1.4641016151377553)
                 0.9999999999999998
                 (-5.928203230275513)
                 6.267949192431127)
              (Point
                 (-5.464101615137757)
                 0.9999999999999993
                 (-11.928203230275518)
                 13.196152422706641)
          )
        , ( ( 1.0 , 1 , 1 )
          , Segment
              (Point
                 (-1.4641016151377553)
                 (-1.0000000000000002)
                 (-1.928203230275511)
                 2.8038475772933698)
              (Point
                 (-5.464101615137757)
                 (-1.0000000000000007)
                 (-7.928203230275516)
                 9.732050807568882)
          )
        , ( ( 1.0 , 1 , 1 )
          , Segment
              (Point
                 (-1.4641016151377553)
                 (-1.0000000000000002)
                 (-5.928203230275512)
                 6.267949192431125)
              (Point
                 (-5.464101615137757)
                 (-1.0000000000000007)
                 (-11.928203230275516)
                 13.19615242270664)
          )
        , ( ( 1.0 , 1 , 1 )
          , Segment
              (Point
                 (-5.464101615137757)
                 0.9999999999999993
                 (-11.928203230275518)
                 13.196152422706641)
              (Point
                 (-5.464101615137757)
                 0.9999999999999993
                 (-7.928203230275518)
                 9.732050807568884)
          )
        , ( ( 1.0 , 1 , 1 )
          , Segment
              (Point
                 (-1.4641016151377553)
                 0.9999999999999998
                 (-5.928203230275513)
                 6.267949192431127)
              (Point
                 (-1.4641016151377553)
                 0.9999999999999998
                 (-1.9282032302755123)
                 2.8038475772933715)
          )
        , ( ( 1.0 , 1 , 1 )
          , Segment
              (Point
                 (-5.464101615137757)
                 (-1.0000000000000007)
                 (-11.928203230275516)
                 13.19615242270664)
              (Point
                 (-5.464101615137757)
                 (-1.0000000000000007)
                 (-7.928203230275516)
                 9.732050807568882)
          )
        , ( ( 1.0 , 1 , 1 )
          , Segment
              (Point
                 (-1.4641016151377553)
                 (-1.0000000000000002)
                 (-5.928203230275512)
                 6.267949192431125)
              (Point
                 (-1.4641016151377553)
                 (-1.0000000000000002)
                 (-1.928203230275511)
                 2.8038475772933698)
          )
        , ( ( 1.0 , 1 , 1 )
          , Segment
              (Point
                 (-7.928203230275514)
                 (-5.464101615137757)
                 (-14.856406460551032)
                 17.73205080756889)
              (Point
                 (-11.928203230275516)
                 (-5.464101615137759)
                 (-20.85640646055104)
                 24.660254037844407)
          )
        , ( ( 1.0 , 1 , 1 )
          , Segment
              (Point
                 (-7.928203230275514)
                 (-5.464101615137757)
                 (-18.85640646055103)
                 21.196152422706646)
              (Point
                 (-11.928203230275516)
                 (-5.464101615137759)
                 (-24.85640646055104)
                 28.124355652982164)
          )
        , ( ( 1.0 , 1 , 1 )
          , Segment
              (Point
                 (-1.9282032302755105)
                 (-1.4641016151377548)
                 (-2.856406460551019)
                 3.875644347017859)
              (Point
                 (-5.928203230275512)
                 (-1.4641016151377566)
                 (-8.856406460551026)
                 10.803847577293375)
          )
        , ( ( 1.0 , 1 , 1 )
          , Segment
              (Point
                 (-1.9282032302755105)
                 (-1.4641016151377548)
                 (-6.856406460551019)
                 7.3397459621556145)
              (Point
                 (-5.928203230275512)
                 (-1.4641016151377566)
                 (-12.856406460551026)
                 14.267949192431132)
          )
        , ( ( 1.0 , 1 , 1 )
          , Segment
              (Point
                 (-5.928203230275512)
                 (-1.4641016151377566)
                 (-8.856406460551026)
                 10.803847577293375)
              (Point
                 (-11.928203230275516)
                 (-5.464101615137759)
                 (-20.85640646055104)
                 24.660254037844407)
          )
        , ( ( 1.0 , 1 , 1 )
          , Segment
              (Point
                 (-5.928203230275512)
                 (-1.4641016151377566)
                 (-12.856406460551026)
                 14.267949192431132)
              (Point
                 (-11.928203230275516)
                 (-5.464101615137759)
                 (-24.85640646055104)
                 28.124355652982164)
          )
        , ( ( 1.0 , 1 , 1 )
          , Segment
              (Point
                 (-1.9282032302755105)
                 (-1.4641016151377548)
                 (-2.856406460551019)
                 3.875644347017859)
              (Point
                 (-7.928203230275514)
                 (-5.464101615137757)
                 (-14.856406460551032)
                 17.73205080756889)
          )
        , ( ( 1.0 , 1 , 1 )
          , Segment
              (Point
                 (-1.9282032302755105)
                 (-1.4641016151377548)
                 (-6.856406460551019)
                 7.3397459621556145)
              (Point
                 (-7.928203230275514)
                 (-5.464101615137757)
                 (-18.85640646055103)
                 21.196152422706646)
          )
        , ( ( 1.0 , 1 , 1 )
          , Segment
              (Point
                 (-11.928203230275516)
                 (-5.464101615137759)
                 (-24.85640646055104)
                 28.124355652982164)
              (Point
                 (-11.928203230275516)
                 (-5.464101615137759)
                 (-20.85640646055104)
                 24.660254037844407)
          )
        , ( ( 1.0 , 1 , 1 )
          , Segment
              (Point
                 (-5.928203230275512)
                 (-1.4641016151377566)
                 (-12.856406460551026)
                 14.267949192431132)
              (Point
                 (-5.928203230275512)
                 (-1.4641016151377566)
                 (-8.856406460551026)
                 10.803847577293375)
          )
        , ( ( 1.0 , 1 , 1 )
          , Segment
              (Point
                 (-7.928203230275514)
                 (-5.464101615137757)
                 (-18.85640646055103)
                 21.196152422706646)
              (Point
                 (-7.928203230275514)
                 (-5.464101615137757)
                 (-14.856406460551032)
                 17.73205080756889)
          )
        , ( ( 1.0 , 1 , 1 )
          , Segment
              (Point
                 (-1.9282032302755105)
                 (-1.4641016151377548)
                 (-6.856406460551019)
                 7.3397459621556145)
              (Point
                 (-1.9282032302755105)
                 (-1.4641016151377548)
                 (-2.856406460551019)
                 3.875644347017859)
          )
        , ( ( 1.0 , 1 , 1 )
          , Segment
              (Point
                 (-5.928203230275514)
                 (-7.928203230275514)
                 (-15.320508075688792)
                 18.26794919243114)
              (Point
                 (-11.928203230275518)
                 (-11.928203230275518)
                 (-27.320508075688803)
                 32.124355652982175)
          )
        , ( ( 1.0 , 1 , 1 )
          , Segment
              (Point
                 (-5.928203230275514)
                 (-7.928203230275514)
                 (-19.320508075688792)
                 21.732050807568896)
              (Point
                 (-11.928203230275518)
                 (-11.928203230275518)
                 (-31.320508075688803)
                 35.588457268119924)
          )
        , ( ( 1.0 , 1 , 1 )
          , Segment
              (Point
                 (-1.9282032302755105)
                 (-1.9282032302755105)
                 (-3.3205080756887777)
                 4.41154273188011)
              (Point
                 (-7.928203230275514)
                 (-5.928203230275514)
                 (-15.320508075688792)
                 18.26794919243114)
          )
        , ( ( 1.0 , 1 , 1 )
          , Segment
              (Point
                 (-1.9282032302755105)
                 (-1.9282032302755105)
                 (-7.320508075688778)
                 7.875644347017865)
              (Point
                 (-7.928203230275514)
                 (-5.928203230275514)
                 (-19.320508075688792)
                 21.732050807568896)
          )
        , ( ( 1.0 , 1 , 1 )
          , Segment
              (Point
                 (-7.928203230275514)
                 (-5.928203230275514)
                 (-15.320508075688792)
                 18.26794919243114)
              (Point
                 (-11.928203230275518)
                 (-11.928203230275518)
                 (-27.320508075688803)
                 32.124355652982175)
          )
        , ( ( 1.0 , 1 , 1 )
          , Segment
              (Point
                 (-7.928203230275514)
                 (-5.928203230275514)
                 (-19.320508075688792)
                 21.732050807568896)
              (Point
                 (-11.928203230275518)
                 (-11.928203230275518)
                 (-31.320508075688803)
                 35.588457268119924)
          )
        , ( ( 1.0 , 1 , 1 )
          , Segment
              (Point
                 (-1.9282032302755105)
                 (-1.9282032302755105)
                 (-3.3205080756887777)
                 4.41154273188011)
              (Point
                 (-5.928203230275514)
                 (-7.928203230275514)
                 (-15.320508075688792)
                 18.26794919243114)
          )
        , ( ( 1.0 , 1 , 1 )
          , Segment
              (Point
                 (-1.9282032302755105)
                 (-1.9282032302755105)
                 (-7.320508075688778)
                 7.875644347017865)
              (Point
                 (-5.928203230275514)
                 (-7.928203230275514)
                 (-19.320508075688792)
                 21.732050807568896)
          )
        , ( ( 1.0 , 1 , 1 )
          , Segment
              (Point
                 (-11.928203230275518)
                 (-11.928203230275518)
                 (-31.320508075688803)
                 35.588457268119924)
              (Point
                 (-11.928203230275518)
                 (-11.928203230275518)
                 (-27.320508075688803)
                 32.124355652982175)
          )
        , ( ( 1.0 , 1 , 1 )
          , Segment
              (Point
                 (-7.928203230275514)
                 (-5.928203230275514)
                 (-19.320508075688792)
                 21.732050807568896)
              (Point
                 (-7.928203230275514)
                 (-5.928203230275514)
                 (-15.320508075688792)
                 18.26794919243114)
          )
        , ( ( 1.0 , 1 , 1 )
          , Segment
              (Point
                 (-5.928203230275514)
                 (-7.928203230275514)
                 (-19.320508075688792)
                 21.732050807568896)
              (Point
                 (-5.928203230275514)
                 (-7.928203230275514)
                 (-15.320508075688792)
                 18.26794919243114)
          )
        , ( ( 1.0 , 1 , 1 )
          , Segment
              (Point
                 (-1.9282032302755105)
                 (-1.9282032302755105)
                 (-7.320508075688778)
                 7.875644347017865)
              (Point
                 (-1.9282032302755105)
                 (-1.9282032302755105)
                 (-3.3205080756887777)
                 4.41154273188011)
          )
        , ( ( 1.0 , 1 , 1 )
          , Segment
              (Point
                 (-1.4641016151377562)
                 (-5.9282032302755105)
                 (-8.856406460551026)
                 10.803847577293375)
              (Point
                 (-5.464101615137757)
                 (-11.928203230275514)
                 (-20.856406460551035)
                 24.660254037844403)
          )
        , ( ( 1.0 , 1 , 1 )
          , Segment
              (Point
                 (-1.4641016151377562)
                 (-5.9282032302755105)
                 (-12.856406460551026)
                 14.267949192431132)
              (Point
                 (-5.464101615137757)
                 (-11.928203230275514)
                 (-24.856406460551035)
                 28.12435565298216)
          )
        , ( ( 1.0 , 1 , 1 )
          , Segment
              (Point
                 (-1.4641016151377553)
                 (-1.9282032302755105)
                 (-2.8564064605510224)
                 3.8756443470178628)
              (Point
                 (-5.464101615137756)
                 (-7.928203230275514)
                 (-14.856406460551032)
                 17.73205080756889)
          )
        , ( ( 1.0 , 1 , 1 )
          , Segment
              (Point
                 (-1.4641016151377553)
                 (-1.9282032302755105)
                 (-6.856406460551023)
                 7.339745962155618)
              (Point
                 (-5.464101615137756)
                 (-7.928203230275514)
                 (-18.85640646055103)
                 21.196152422706646)
          )
        , ( ( 1.0 , 1 , 1 )
          , Segment
              (Point
                 (-5.464101615137756)
                 (-7.928203230275514)
                 (-14.856406460551032)
                 17.73205080756889)
              (Point
                 (-5.464101615137757)
                 (-11.928203230275514)
                 (-20.856406460551035)
                 24.660254037844403)
          )
        , ( ( 1.0 , 1 , 1 )
          , Segment
              (Point
                 (-5.464101615137756)
                 (-7.928203230275514)
                 (-18.85640646055103)
                 21.196152422706646)
              (Point
                 (-5.464101615137757)
                 (-11.928203230275514)
                 (-24.856406460551035)
                 28.12435565298216)
          )
        , ( ( 1.0 , 1 , 1 )
          , Segment
              (Point
                 (-1.4641016151377553)
                 (-1.9282032302755105)
                 (-2.8564064605510224)
                 3.8756443470178628)
              (Point
                 (-1.4641016151377562)
                 (-5.9282032302755105)
                 (-8.856406460551026)
                 10.803847577293375)
          )
        , ( ( 1.0 , 1 , 1 )
          , Segment
              (Point
                 (-1.4641016151377553)
                 (-1.9282032302755105)
                 (-6.856406460551023)
                 7.339745962155618)
              (Point
                 (-1.4641016151377562)
                 (-5.9282032302755105)
                 (-12.856406460551026)
                 14.267949192431132)
          )
        , ( ( 1.0 , 1 , 1 )
          , Segment
              (Point
                 (-5.464101615137757)
                 (-11.928203230275514)
                 (-24.856406460551035)
                 28.12435565298216)
              (Point
                 (-5.464101615137757)
                 (-11.928203230275514)
                 (-20.856406460551035)
                 24.660254037844403)
          )
        , ( ( 1.0 , 1 , 1 )
          , Segment
              (Point
                 (-5.464101615137756)
                 (-7.928203230275514)
                 (-18.85640646055103)
                 21.196152422706646)
              (Point
                 (-5.464101615137756)
                 (-7.928203230275514)
                 (-14.856406460551032)
                 17.73205080756889)
          )
        , ( ( 1.0 , 1 , 1 )
          , Segment
              (Point
                 (-1.4641016151377562)
                 (-5.9282032302755105)
                 (-12.856406460551026)
                 14.267949192431132)
              (Point
                 (-1.4641016151377562)
                 (-5.9282032302755105)
                 (-8.856406460551026)
                 10.803847577293375)
          )
        , ( ( 1.0 , 1 , 1 )
          , Segment
              (Point
                 (-1.4641016151377553)
                 (-1.9282032302755105)
                 (-6.856406460551023)
                 7.339745962155618)
              (Point
                 (-1.4641016151377553)
                 (-1.9282032302755105)
                 (-2.8564064605510224)
                 3.8756443470178628)
          )
        , ( ( 1.0 , 1 , 1 )
          , Segment
              (Point
                 1.0000000000000004
                 (-1.4641016151377517)
                 (-1.928203230275507)
                 2.8038475772933653)
              (Point
                 1.000000000000003
                 (-5.464101615137751)
                 (-7.928203230275505)
                 9.73205080756887)
          )
        , ( ( 1.0 , 1 , 1 )
          , Segment
              (Point
                 1.0000000000000004
                 (-1.4641016151377517)
                 (-5.928203230275508)
                 6.267949192431121)
              (Point
                 1.000000000000003
                 (-5.464101615137751)
                 (-11.928203230275505)
                 13.196152422706627)
          )
        , ( ( 1.0 , 1 , 1 )
          , Segment
              (Point
                 (-0.9999999999999996)
                 (-1.4641016151377546)
                 (-1.92820323027551)
                 2.803847577293369)
              (Point
                 (-0.9999999999999969)
                 (-5.4641016151377535)
                 (-7.928203230275509)
                 9.732050807568873)
          )
        , ( ( 1.0 , 1 , 1 )
          , Segment
              (Point
                 (-0.9999999999999996)
                 (-1.4641016151377546)
                 (-5.9282032302755105)
                 6.267949192431124)
              (Point
                 (-0.9999999999999969)
                 (-5.4641016151377535)
                 (-11.928203230275509)
                 13.19615242270663)
          )
        , ( ( 1.0 , 1 , 1 )
          , Segment
              (Point
                 (-0.9999999999999969)
                 (-5.4641016151377535)
                 (-7.928203230275509)
                 9.732050807568873)
              (Point
                 1.000000000000003
                 (-5.464101615137751)
                 (-7.928203230275505)
                 9.73205080756887)
          )
        , ( ( 1.0 , 1 , 1 )
          , Segment
              (Point
                 (-0.9999999999999969)
                 (-5.4641016151377535)
                 (-11.928203230275509)
                 13.19615242270663)
              (Point
                 1.000000000000003
                 (-5.464101615137751)
                 (-11.928203230275505)
                 13.196152422706627)
          )
        , ( ( 1.0 , 1 , 1 )
          , Segment
              (Point
                 (-0.9999999999999996)
                 (-1.4641016151377546)
                 (-1.92820323027551)
                 2.803847577293369)
              (Point
                 1.0000000000000004
                 (-1.4641016151377517)
                 (-1.928203230275507)
                 2.8038475772933653)
          )
        , ( ( 1.0 , 1 , 1 )
          , Segment
              (Point
                 (-0.9999999999999996)
                 (-1.4641016151377546)
                 (-5.9282032302755105)
                 6.267949192431124)
              (Point
                 1.0000000000000004
                 (-1.4641016151377517)
                 (-5.928203230275508)
                 6.267949192431121)
          )
        , ( ( 1.0 , 1 , 1 )
          , Segment
              (Point
                 1.000000000000003
                 (-5.464101615137751)
                 (-11.928203230275505)
                 13.196152422706627)
              (Point
                 1.000000000000003
                 (-5.464101615137751)
                 (-7.928203230275505)
                 9.73205080756887)
          )
        , ( ( 1.0 , 1 , 1 )
          , Segment
              (Point
                 (-0.9999999999999969)
                 (-5.4641016151377535)
                 (-11.928203230275509)
                 13.19615242270663)
              (Point
                 (-0.9999999999999969)
                 (-5.4641016151377535)
                 (-7.928203230275509)
                 9.732050807568873)
          )
        , ( ( 1.0 , 1 , 1 )
          , Segment
              (Point
                 1.0000000000000004
                 (-1.4641016151377517)
                 (-5.928203230275508)
                 6.267949192431121)
              (Point
                 1.0000000000000004
                 (-1.4641016151377517)
                 (-1.928203230275507)
                 2.8038475772933653)
          )
        , ( ( 1.0 , 1 , 1 )
          , Segment
              (Point
                 (-0.9999999999999996)
                 (-1.4641016151377546)
                 (-5.9282032302755105)
                 6.267949192431124)
              (Point
                 (-0.9999999999999996)
                 (-1.4641016151377546)
                 (-1.92820323027551)
                 2.803847577293369)
          )
        , ( ( 1.0 , 1 , 1 )
          , Segment
              (Point
                 (-1.0000000000000053)
                 1.0000000000000004
                 (-1.4641016151377606)
                 2.2679491924311295)
              (Point
                 0.9999999999999947
                 1.0000000000000058
                 (-1.4641016151377553)
                 2.2679491924311233)
          )
        , ( ( 1.0 , 1 , 1 )
          , Segment
              (Point
                 (-1.0000000000000053)
                 1.0000000000000004
                 (-5.4641016151377615)
                 5.732050807568885)
              (Point
                 0.9999999999999947
                 1.0000000000000058
                 (-5.464101615137756)
                 5.7320508075688785)
          )
        , ( ( 1.0 , 1 , 1 )
          , Segment
              (Point
                 (-1.0)
                 (-0.9999999999999996)
                 (-1.4641016151377553)
                 2.2679491924311233)
              (Point
                 1.0 (-0.9999999999999942) (-1.46410161513775) 2.267949192431117)
          )
        , ( ( 1.0 , 1 , 1 )
          , Segment
              (Point
                 (-1.0)
                 (-0.9999999999999996)
                 (-5.464101615137756)
                 5.7320508075688785)
              (Point
                 1.0 (-0.9999999999999942) (-5.464101615137751) 5.732050807568872)
          )
        , ( ( 1.0 , 1 , 1 )
          , Segment
              (Point
                 1.0 (-0.9999999999999942) (-1.46410161513775) 2.267949192431117)
              (Point
                 0.9999999999999947
                 1.0000000000000058
                 (-1.4641016151377553)
                 2.2679491924311233)
          )
        , ( ( 1.0 , 1 , 1 )
          , Segment
              (Point
                 1.0 (-0.9999999999999942) (-5.464101615137751) 5.732050807568872)
              (Point
                 0.9999999999999947
                 1.0000000000000058
                 (-5.464101615137756)
                 5.7320508075688785)
          )
        , ( ( 1.0 , 1 , 1 )
          , Segment
              (Point
                 (-1.0)
                 (-0.9999999999999996)
                 (-1.4641016151377553)
                 2.2679491924311233)
              (Point
                 (-1.0000000000000053)
                 1.0000000000000004
                 (-1.4641016151377606)
                 2.2679491924311295)
          )
        , ( ( 1.0 , 1 , 1 )
          , Segment
              (Point
                 (-1.0)
                 (-0.9999999999999996)
                 (-5.464101615137756)
                 5.7320508075688785)
              (Point
                 (-1.0000000000000053)
                 1.0000000000000004
                 (-5.4641016151377615)
                 5.732050807568885)
          )
        , ( ( 1.0 , 1 , 1 )
          , Segment
              (Point
                 0.9999999999999947
                 1.0000000000000058
                 (-5.464101615137756)
                 5.7320508075688785)
              (Point
                 0.9999999999999947
                 1.0000000000000058
                 (-1.4641016151377553)
                 2.2679491924311233)
          )
        , ( ( 1.0 , 1 , 1 )
          , Segment
              (Point
                 1.0 (-0.9999999999999942) (-5.464101615137751) 5.732050807568872)
              (Point
                 1.0 (-0.9999999999999942) (-1.46410161513775) 2.267949192431117)
          )
        , ( ( 1.0 , 1 , 1 )
          , Segment
              (Point
                 (-1.0000000000000053)
                 1.0000000000000004
                 (-5.4641016151377615)
                 5.732050807568885)
              (Point
                 (-1.0000000000000053)
                 1.0000000000000004
                 (-1.4641016151377606)
                 2.2679491924311295)
          )
        , ( ( 1.0 , 1 , 1 )
          , Segment
              (Point
                 (-1.0)
                 (-0.9999999999999996)
                 (-5.464101615137756)
                 5.7320508075688785)
              (Point
                 (-1.0)
                 (-0.9999999999999996)
                 (-1.4641016151377553)
                 2.2679491924311233)
          )
        ]
  , obstacles = []
  }