Env
  { mesh =
      Mesh
        [ ( ( 1.0 , 0.0 , 0.0 )
          , Polygon
              [ Point 5.741999891020299 0.0 0.0 5.828427124746189
              , Point 4.06020706051287 4.06020706051287 0.0 5.828427124746189
              , Point
                  1.2749800972811752e-15 5.741999891020299 0.0 5.828427124746189
              , Point
                  (-4.0602070605128695) 4.060207060512871 0.0 5.828427124746189
              , Point
                  (-5.741999891020299) 1.593725121601469e-15 0.0 5.828427124746189
              , Point
                  (-4.060207060512872) (-4.060207060512869) 0.0 5.828427124746189
              , Point
                  (-2.5499601945623503e-15)
                  (-5.741999891020299)
                  0.0
                  5.828427124746189
              , Point
                  4.060207060512868 (-4.060207060512872) 0.0 5.828427124746189
              ]
          )
        ]
  , obstacles =
      [ Triangle
          (Point 4.06020706051287 4.06020706051287 0.0 5.828427124746189)
          (Point 5.741999891020299 0.0 0.0 5.828427124746189)
          (Point 0.0 0.0 0.0 1.0)
          5.0e-2
      , Triangle
          (Point
             4.440892098500626e-16 5.741999891020299 0.0 5.828427124746189)
          (Point 4.06020706051287 4.06020706051287 0.0 5.828427124746189)
          (Point 0.0 0.0 0.0 1.0)
          5.0e-2
      , Triangle
          (Point
             (-4.0602070605128695) 4.060207060512871 0.0 5.828427124746189)
          (Point
             1.2749800972811752e-15 5.741999891020299 0.0 5.828427124746189)
          (Point 0.0 0.0 0.0 1.0)
          5.0e-2
      , Triangle
          (Point
             (-5.741999891020299) 1.7763568394002505e-15 0.0 5.828427124746189)
          (Point
             (-4.0602070605128695) 4.060207060512871 0.0 5.828427124746189)
          (Point 0.0 0.0 0.0 1.0)
          5.0e-2
      , Triangle
          (Point
             (-4.060207060512871) (-4.0602070605128695) 0.0 5.828427124746189)
          (Point
             (-5.741999891020299) 1.593725121601469e-15 0.0 5.828427124746189)
          (Point 0.0 0.0 0.0 1.0)
          5.0e-2
      , Triangle
          (Point
             (-2.6645352591003757e-15)
             (-5.741999891020299)
             0.0
             5.828427124746189)
          (Point
             (-4.060207060512872) (-4.060207060512869) 0.0 5.828427124746189)
          (Point 0.0 0.0 0.0 1.0)
          5.0e-2
      , Triangle
          (Point
             4.060207060512869 (-4.060207060512872) 0.0 5.828427124746189)
          (Point
             (-2.5499601945623503e-15)
             (-5.741999891020299)
             0.0
             5.828427124746189)
          (Point 0.0 0.0 0.0 1.0)
          5.0e-2
      , Triangle
          (Point
             5.741999891020298 (-3.552713678800501e-15) 0.0 5.828427124746189)
          (Point
             4.060207060512868 (-4.060207060512872) 0.0 5.828427124746189)
          (Point 0.0 0.0 0.0 1.0)
          5.0e-2
      ]
  }